00
ff
00
13
ff
ff
00
00
01
00
00
03
00
00
00
00
4d
00
00
00
00
01
00
0c
ff
00
00
00
01
00
fd
00
00
00
02
00
02
00
03
00
06
00
0d
05
04
00
02
01
ff
fd
00
00
09
00
00
00
0e
fe
02
00
00
00
00
fd
00
00
00
0f
fc
00
00
72
00
00
00
00
01
00
00
00
ff
00
00
00
ff
0c
00
01
00
ff
00
00
00
08
02
fb
0f
00
fc
02
f9
0f
00
00
00
fa
00
fd
00
00
01
00
ff
00
00
00
03
02
fd
fb
0f
00
00
00
01
00
00
fe
fd
0f
00
00
00
00
00
00
00
00
00
00
00
00
00
00
00
00
fe
00
f5
0a
0a
0b
00
00
2a
09
09
00
00
02
05
00
00
00
00
00
fe
09
09
00
00
0a
0a
0a
0b
00
0a
09
09
00
00
f2
ff
06
00
02
ff
06
00
31
00
31
00
06
00
00
00
fe
f9
0f
01
08
00
00
01
00
00
00
00
d1
00
00
00
00
ea
fe
f8
00
00
cf
00
00
00
00
e8
fe
f6
00
00
00
00
00
00
00
e8
00
00
00
0a
09
09
ed
00
00
00
00
e5
00
00
fd
00
00
00
00
30
00
00
e2
00
00
fa
09
09
00
00
00
00
26
00
1b
00
08
00
f8
02
00
00
dd
00
00
08
08
f4
00
fd
00
07
00
db
00
00
ff
fb
09
09
00
00
00
00
16
00
13
00
08
00
f8
02
00
00
d5
00
00
08
08
ec
00
fd
00
07
00
d3
00
00
ff
fb
00
d8
bc
40
42
42
42
42
42
43
43
42
00
00
01
d0
01
02
40
01
05
00
ff
fe
41
41
44
00
fc
00
02
02
02
02
03
03
02
00
ca
01
04
00
ff
00
00
00
ff
c4
00
00
01
00
00
00
00
00
00
00
00
fe
00
00
00
00
00
00
00
00
00
02
00
ff
00
02
03
00
00
00
01
00
00
00
02
00
03
00
00
fc
00
fe
00
15
00
01
00
00
00
00
00
00
00
ff
00
02
03
00
00
00
00
00
40
00
00
00
05
fe
03
fd
00
0e
00
01
00
fe
00
00
00
01
01
00
00
02
08
03
00
00
00
01
01
01
00
00
02
00
01
02
00
40
00
00
00
00
00
17
03
00
00
00
40
0d
00
fc
00
02
00
02
01
f8
01
00
00
fa
00
00
01
f6
ff
00
00
00
e0
01
00
00
02
40
ff
00
00
ff
00
00
00
00
00
00
ff
40
fe
00
00
00
01
00
00
00
00
00
00
00
00
fe
00
06
06
00
00
ff
02
00
00
00
00
00
fe
00
00
40
00
00
00
fe
00
00
fb
00
00
40
00
40
f9
40
00
f9
40
00
00
00
00
f7
00
00
40
fe
40
f6
40
00
